{
 "cells": [
  {
   "cell_type": "code",
   "execution_count": 3,
   "id": "13e159d0",
   "metadata": {},
   "outputs": [],
   "source": [
    "import pandas as pd\n",
    "import numpy as np\n",
    "from matplotlib import pyplot as plt \n",
    "from sklearn.linear_model import LinearRegression"
   ]
  },
  {
   "cell_type": "code",
   "execution_count": 7,
   "id": "d9676c31",
   "metadata": {},
   "outputs": [
    {
     "data": {
      "text/html": [
       "<div>\n",
       "<style scoped>\n",
       "    .dataframe tbody tr th:only-of-type {\n",
       "        vertical-align: middle;\n",
       "    }\n",
       "\n",
       "    .dataframe tbody tr th {\n",
       "        vertical-align: top;\n",
       "    }\n",
       "\n",
       "    .dataframe thead th {\n",
       "        text-align: right;\n",
       "    }\n",
       "</style>\n",
       "<table border=\"1\" class=\"dataframe\">\n",
       "  <thead>\n",
       "    <tr style=\"text-align: right;\">\n",
       "      <th></th>\n",
       "      <th>CRIM</th>\n",
       "      <th>ZN</th>\n",
       "      <th>INDUS</th>\n",
       "      <th>CHAS</th>\n",
       "      <th>NOX</th>\n",
       "      <th>RM</th>\n",
       "      <th>AGE</th>\n",
       "      <th>DIS</th>\n",
       "      <th>RAD</th>\n",
       "      <th>TAX</th>\n",
       "      <th>PT</th>\n",
       "      <th>B</th>\n",
       "      <th>LSTAT</th>\n",
       "      <th>MV</th>\n",
       "    </tr>\n",
       "  </thead>\n",
       "  <tbody>\n",
       "    <tr>\n",
       "      <th>0</th>\n",
       "      <td>0.00632</td>\n",
       "      <td>18.0</td>\n",
       "      <td>2.31</td>\n",
       "      <td>0</td>\n",
       "      <td>0.538</td>\n",
       "      <td>6.575</td>\n",
       "      <td>65.199997</td>\n",
       "      <td>4.0900</td>\n",
       "      <td>1</td>\n",
       "      <td>296</td>\n",
       "      <td>15.300000</td>\n",
       "      <td>396.899994</td>\n",
       "      <td>4.98</td>\n",
       "      <td>24.000000</td>\n",
       "    </tr>\n",
       "    <tr>\n",
       "      <th>1</th>\n",
       "      <td>0.02731</td>\n",
       "      <td>0.0</td>\n",
       "      <td>7.07</td>\n",
       "      <td>0</td>\n",
       "      <td>0.469</td>\n",
       "      <td>6.421</td>\n",
       "      <td>78.900002</td>\n",
       "      <td>4.9671</td>\n",
       "      <td>2</td>\n",
       "      <td>242</td>\n",
       "      <td>17.799999</td>\n",
       "      <td>396.899994</td>\n",
       "      <td>9.14</td>\n",
       "      <td>21.600000</td>\n",
       "    </tr>\n",
       "    <tr>\n",
       "      <th>2</th>\n",
       "      <td>0.02729</td>\n",
       "      <td>0.0</td>\n",
       "      <td>7.07</td>\n",
       "      <td>0</td>\n",
       "      <td>0.469</td>\n",
       "      <td>7.185</td>\n",
       "      <td>61.099998</td>\n",
       "      <td>4.9671</td>\n",
       "      <td>2</td>\n",
       "      <td>242</td>\n",
       "      <td>17.799999</td>\n",
       "      <td>392.829987</td>\n",
       "      <td>4.03</td>\n",
       "      <td>34.700001</td>\n",
       "    </tr>\n",
       "    <tr>\n",
       "      <th>3</th>\n",
       "      <td>0.03237</td>\n",
       "      <td>0.0</td>\n",
       "      <td>2.18</td>\n",
       "      <td>0</td>\n",
       "      <td>0.458</td>\n",
       "      <td>6.998</td>\n",
       "      <td>45.799999</td>\n",
       "      <td>6.0622</td>\n",
       "      <td>3</td>\n",
       "      <td>222</td>\n",
       "      <td>18.700001</td>\n",
       "      <td>394.630005</td>\n",
       "      <td>2.94</td>\n",
       "      <td>33.400002</td>\n",
       "    </tr>\n",
       "    <tr>\n",
       "      <th>4</th>\n",
       "      <td>0.06905</td>\n",
       "      <td>0.0</td>\n",
       "      <td>2.18</td>\n",
       "      <td>0</td>\n",
       "      <td>0.458</td>\n",
       "      <td>7.147</td>\n",
       "      <td>54.200001</td>\n",
       "      <td>6.0622</td>\n",
       "      <td>3</td>\n",
       "      <td>222</td>\n",
       "      <td>18.700001</td>\n",
       "      <td>396.899994</td>\n",
       "      <td>5.33</td>\n",
       "      <td>36.200001</td>\n",
       "    </tr>\n",
       "  </tbody>\n",
       "</table>\n",
       "</div>"
      ],
      "text/plain": [
       "      CRIM    ZN  INDUS  CHAS    NOX     RM        AGE     DIS  RAD  TAX  \\\n",
       "0  0.00632  18.0   2.31     0  0.538  6.575  65.199997  4.0900    1  296   \n",
       "1  0.02731   0.0   7.07     0  0.469  6.421  78.900002  4.9671    2  242   \n",
       "2  0.02729   0.0   7.07     0  0.469  7.185  61.099998  4.9671    2  242   \n",
       "3  0.03237   0.0   2.18     0  0.458  6.998  45.799999  6.0622    3  222   \n",
       "4  0.06905   0.0   2.18     0  0.458  7.147  54.200001  6.0622    3  222   \n",
       "\n",
       "          PT           B  LSTAT         MV  \n",
       "0  15.300000  396.899994   4.98  24.000000  \n",
       "1  17.799999  396.899994   9.14  21.600000  \n",
       "2  17.799999  392.829987   4.03  34.700001  \n",
       "3  18.700001  394.630005   2.94  33.400002  \n",
       "4  18.700001  396.899994   5.33  36.200001  "
      ]
     },
     "execution_count": 7,
     "metadata": {},
     "output_type": "execute_result"
    }
   ],
   "source": [
    "df = pd.read_excel(r\"C:\\Users\\DELL\\Desktop\\Data Science\\Files\\boston housing.xls\")\n",
    "df.head()"
   ]
  },
  {
   "cell_type": "code",
   "execution_count": 8,
   "id": "a18e4fbb",
   "metadata": {},
   "outputs": [
    {
     "data": {
      "text/html": [
       "<style>#sk-container-id-1 {color: black;background-color: white;}#sk-container-id-1 pre{padding: 0;}#sk-container-id-1 div.sk-toggleable {background-color: white;}#sk-container-id-1 label.sk-toggleable__label {cursor: pointer;display: block;width: 100%;margin-bottom: 0;padding: 0.3em;box-sizing: border-box;text-align: center;}#sk-container-id-1 label.sk-toggleable__label-arrow:before {content: \"▸\";float: left;margin-right: 0.25em;color: #696969;}#sk-container-id-1 label.sk-toggleable__label-arrow:hover:before {color: black;}#sk-container-id-1 div.sk-estimator:hover label.sk-toggleable__label-arrow:before {color: black;}#sk-container-id-1 div.sk-toggleable__content {max-height: 0;max-width: 0;overflow: hidden;text-align: left;background-color: #f0f8ff;}#sk-container-id-1 div.sk-toggleable__content pre {margin: 0.2em;color: black;border-radius: 0.25em;background-color: #f0f8ff;}#sk-container-id-1 input.sk-toggleable__control:checked~div.sk-toggleable__content {max-height: 200px;max-width: 100%;overflow: auto;}#sk-container-id-1 input.sk-toggleable__control:checked~label.sk-toggleable__label-arrow:before {content: \"▾\";}#sk-container-id-1 div.sk-estimator input.sk-toggleable__control:checked~label.sk-toggleable__label {background-color: #d4ebff;}#sk-container-id-1 div.sk-label input.sk-toggleable__control:checked~label.sk-toggleable__label {background-color: #d4ebff;}#sk-container-id-1 input.sk-hidden--visually {border: 0;clip: rect(1px 1px 1px 1px);clip: rect(1px, 1px, 1px, 1px);height: 1px;margin: -1px;overflow: hidden;padding: 0;position: absolute;width: 1px;}#sk-container-id-1 div.sk-estimator {font-family: monospace;background-color: #f0f8ff;border: 1px dotted black;border-radius: 0.25em;box-sizing: border-box;margin-bottom: 0.5em;}#sk-container-id-1 div.sk-estimator:hover {background-color: #d4ebff;}#sk-container-id-1 div.sk-parallel-item::after {content: \"\";width: 100%;border-bottom: 1px solid gray;flex-grow: 1;}#sk-container-id-1 div.sk-label:hover label.sk-toggleable__label {background-color: #d4ebff;}#sk-container-id-1 div.sk-serial::before {content: \"\";position: absolute;border-left: 1px solid gray;box-sizing: border-box;top: 0;bottom: 0;left: 50%;z-index: 0;}#sk-container-id-1 div.sk-serial {display: flex;flex-direction: column;align-items: center;background-color: white;padding-right: 0.2em;padding-left: 0.2em;position: relative;}#sk-container-id-1 div.sk-item {position: relative;z-index: 1;}#sk-container-id-1 div.sk-parallel {display: flex;align-items: stretch;justify-content: center;background-color: white;position: relative;}#sk-container-id-1 div.sk-item::before, #sk-container-id-1 div.sk-parallel-item::before {content: \"\";position: absolute;border-left: 1px solid gray;box-sizing: border-box;top: 0;bottom: 0;left: 50%;z-index: -1;}#sk-container-id-1 div.sk-parallel-item {display: flex;flex-direction: column;z-index: 1;position: relative;background-color: white;}#sk-container-id-1 div.sk-parallel-item:first-child::after {align-self: flex-end;width: 50%;}#sk-container-id-1 div.sk-parallel-item:last-child::after {align-self: flex-start;width: 50%;}#sk-container-id-1 div.sk-parallel-item:only-child::after {width: 0;}#sk-container-id-1 div.sk-dashed-wrapped {border: 1px dashed gray;margin: 0 0.4em 0.5em 0.4em;box-sizing: border-box;padding-bottom: 0.4em;background-color: white;}#sk-container-id-1 div.sk-label label {font-family: monospace;font-weight: bold;display: inline-block;line-height: 1.2em;}#sk-container-id-1 div.sk-label-container {text-align: center;}#sk-container-id-1 div.sk-container {/* jupyter's `normalize.less` sets `[hidden] { display: none; }` but bootstrap.min.css set `[hidden] { display: none !important; }` so we also need the `!important` here to be able to override the default hidden behavior on the sphinx rendered scikit-learn.org. See: https://github.com/scikit-learn/scikit-learn/issues/21755 */display: inline-block !important;position: relative;}#sk-container-id-1 div.sk-text-repr-fallback {display: none;}</style><div id=\"sk-container-id-1\" class=\"sk-top-container\"><div class=\"sk-text-repr-fallback\"><pre>LinearRegression()</pre><b>In a Jupyter environment, please rerun this cell to show the HTML representation or trust the notebook. <br />On GitHub, the HTML representation is unable to render, please try loading this page with nbviewer.org.</b></div><div class=\"sk-container\" hidden><div class=\"sk-item\"><div class=\"sk-estimator sk-toggleable\"><input class=\"sk-toggleable__control sk-hidden--visually\" id=\"sk-estimator-id-1\" type=\"checkbox\" checked><label for=\"sk-estimator-id-1\" class=\"sk-toggleable__label sk-toggleable__label-arrow\">LinearRegression</label><div class=\"sk-toggleable__content\"><pre>LinearRegression()</pre></div></div></div></div></div>"
      ],
      "text/plain": [
       "LinearRegression()"
      ]
     },
     "execution_count": 8,
     "metadata": {},
     "output_type": "execute_result"
    }
   ],
   "source": [
    "x = df[['CRIM','ZN','INDUS','CHAS','NOX','RM','AGE','DIS','RAD','TAX','PT','B','LSTAT']]\n",
    "y = df['MV']\n",
    "model = LinearRegression()\n",
    "model.fit(x, y)"
   ]
  },
  {
   "cell_type": "code",
   "execution_count": 9,
   "id": "f3a5a580",
   "metadata": {},
   "outputs": [
    {
     "data": {
      "text/plain": [
       "array([30.00384206, 25.02556259, 30.56759664, 28.60703616, 27.94352261,\n",
       "       25.25628292, 23.00180888, 19.53598873, 11.52363738, 18.92026289,\n",
       "       18.99949557, 21.58679559, 20.90652174, 19.55290253, 19.28348244,\n",
       "       19.29748377, 20.52751003, 16.91140023, 16.17801099, 18.4061375 ,\n",
       "       12.52385815, 17.67103744, 15.83288221, 13.80628661, 15.67833786,\n",
       "       13.38668594, 15.46397711, 14.70847358, 19.54737242, 20.876428  ,\n",
       "       11.45511717, 18.05923304,  8.81105704, 14.2827588 , 13.70675958,\n",
       "       23.81463443, 22.34193674, 23.10890992, 22.91502539, 31.35762532,\n",
       "       34.21510327, 28.02056437, 25.2038673 , 24.60979291, 22.9414913 ,\n",
       "       22.09669928, 20.42320008, 18.03655198,  9.10655499, 17.20607859,\n",
       "       21.28152546, 23.97222257, 27.65585199, 24.04901925, 15.36184793,\n",
       "       31.15265026, 24.85687015, 33.10919822, 21.77537962, 21.08493488,\n",
       "       17.87258073, 18.51110186, 23.98742729, 22.55408861, 23.37308585,\n",
       "       30.36148369, 25.53056621, 21.11338518, 17.4215378 , 20.78483779,\n",
       "       25.20148816, 21.74265763, 24.55744999, 24.04295691, 25.50499608,\n",
       "       23.96692931, 22.94545324, 23.35699745, 21.26198184, 22.42817353,\n",
       "       28.40577068, 26.99486095, 26.0357634 , 25.05873435, 24.78456678,\n",
       "       27.79049253, 22.16853414, 25.8927636 , 30.67461869, 30.83110688,\n",
       "       27.11901916, 27.41266894, 28.9412275 , 29.08105534, 27.03977378,\n",
       "       28.62459975, 24.7274502 , 35.78159595, 35.11454657, 32.25102754,\n",
       "       24.58022169, 25.59413569, 19.7901383 , 20.31167258, 21.43482599,\n",
       "       18.53994041, 17.1875607 , 20.75049026, 22.64829144, 19.77203773,\n",
       "       20.64965983, 26.525869  , 20.77323839, 20.71548385, 25.17209055,\n",
       "       20.43025678, 23.37724779, 23.69043329, 20.33578566, 20.79180969,\n",
       "       21.91632096, 22.47107881, 20.55738575, 16.36662008, 20.56099957,\n",
       "       22.48178492, 14.61706636, 15.17876506, 18.93868574, 14.05573233,\n",
       "       20.0352738 , 19.41013407, 20.06191597, 15.7580765 , 13.25645199,\n",
       "       17.26277743, 15.87841797, 19.36163851, 13.81483796, 16.44881445,\n",
       "       13.57141754,  3.98885447, 14.59495418, 12.14881401,  8.72822221,\n",
       "       12.03585363, 15.8208197 ,  8.51498982,  9.71844057, 14.80451359,\n",
       "       20.8385817 , 18.30101111, 20.12282595, 17.28601917, 22.36600268,\n",
       "       20.10375859, 13.62125839, 33.25982637, 29.03017318, 25.56752834,\n",
       "       32.70827712, 36.77466953, 40.55765869, 41.8472819 , 24.78867427,\n",
       "       25.37889176, 37.20347387, 23.08748709, 26.40273879, 26.65382134,\n",
       "       22.55514682, 24.29082905, 22.97657211, 29.07194226, 26.52194393,\n",
       "       30.72209049, 25.61669323, 29.13740975, 31.43571987, 32.92231605,\n",
       "       34.72440431, 27.7655219 , 33.88787426, 30.99238171, 22.7182011 ,\n",
       "       24.76647801, 35.88497212, 33.4247678 , 32.41199276, 34.51509954,\n",
       "       30.76109571, 30.28934081, 32.91918706, 32.11260792, 31.55871013,\n",
       "       40.84555787, 36.12770096, 32.66920723, 34.70469143, 30.09345154,\n",
       "       30.6439402 , 29.28719625, 37.07148486, 42.03193193, 43.1894998 ,\n",
       "       22.69034733, 23.68284797, 17.85447251, 23.49429049, 17.00587658,\n",
       "       22.39251091, 17.06042703, 22.73892952, 25.21942552, 11.11916813,\n",
       "       24.51049209, 26.60334825, 28.35518859, 24.91525559, 29.68652848,\n",
       "       33.18419817, 23.77456679, 32.14052024, 29.74582001, 38.37102389,\n",
       "       39.81462013, 37.58605762, 32.39953308, 35.45665235, 31.2341159 ,\n",
       "       24.48449281, 33.28837401, 38.04810428, 37.16328502, 31.71383455,\n",
       "       25.2670555 , 30.10010814, 32.71987111, 28.42717049, 28.42940672,\n",
       "       27.29375839, 23.74262398, 24.12007794, 27.40208457, 16.32857597,\n",
       "       13.39891381, 20.01638735, 19.86184423, 21.28831348, 24.07989157,\n",
       "       24.20633584, 25.04215963, 24.91963937, 29.9456329 , 23.97228388,\n",
       "       21.69580996, 37.5110928 , 43.30239104, 36.48361385, 34.9898849 ,\n",
       "       34.81211424, 37.16631185, 40.98928266, 34.44634046, 35.83397382,\n",
       "       28.24574208, 31.22673464, 40.8395566 , 39.31792278, 25.7081795 ,\n",
       "       22.30295524, 27.20340893, 28.51169494, 35.47676579, 36.10639115,\n",
       "       33.79668269, 35.61085907, 34.83993461, 30.35192616, 35.30980684,\n",
       "       38.7975709 , 34.33123218, 40.33963082, 44.67308196, 31.59688986,\n",
       "       27.35659279, 20.10174108, 27.04206713, 27.21364593, 26.91395833,\n",
       "       33.43563224, 34.40349425, 31.83339763, 25.8178328 , 24.42982394,\n",
       "       28.45764378, 27.36266985, 19.53928778, 29.11309819, 31.91054607,\n",
       "       30.77159392, 28.94275914, 28.88190951, 32.79887156, 33.20905515,\n",
       "       30.76831861, 35.56226888, 32.70905121, 28.64244291, 23.58965847,\n",
       "       18.54266937, 26.87889909, 23.28133831, 25.54580169, 25.48120032,\n",
       "       20.53909893, 17.61572581, 18.37581697, 24.29070255, 21.32529002,\n",
       "       24.8868227 , 24.86937233, 22.86952422, 19.45123887, 25.11783394,\n",
       "       24.66786958, 23.68076048, 19.34089632, 21.17418151, 24.25249168,\n",
       "       21.59260968, 19.98446602, 23.33888138, 22.14060685, 21.55509896,\n",
       "       20.61872911, 20.16097091, 19.28490347, 22.16672273, 21.24965776,\n",
       "       21.42939221, 30.32788859, 22.04734977, 27.70647923, 28.54794083,\n",
       "       16.54501187, 14.78359591, 25.27380039, 27.54205251, 22.14837582,\n",
       "       20.45943968, 20.54605463, 16.88063793, 25.40253587, 14.32486712,\n",
       "       16.5948847 , 19.6370465 , 22.71806599, 22.20218858, 19.20548059,\n",
       "       22.6661604 , 18.93192607, 18.22846858, 20.23150803, 37.49447235,\n",
       "       14.28190872, 15.54286202, 10.8316241 , 23.80072914, 32.64407455,\n",
       "       34.60684014, 24.94331426, 25.99980961,  6.12632541,  0.77779793,\n",
       "       25.30713127, 17.74061101, 20.23274441, 15.83331295, 16.83512549,\n",
       "       14.36994898, 18.47682845, 13.42768182, 13.0617754 ,  3.27918196,\n",
       "        8.06022181,  6.12842154,  5.61864848,  6.45198605, 14.2076469 ,\n",
       "       17.21225105, 17.29887327,  9.89116564, 20.2212408 , 17.94181155,\n",
       "       20.30445773, 19.29559056, 16.33632834,  6.55162314, 10.89016863,\n",
       "       11.8814579 , 17.81174438, 18.26126469, 12.97948712,  7.37816411,\n",
       "        8.2111591 ,  8.06626274, 19.98294763, 13.70756458, 19.85268509,\n",
       "       15.2230837 , 16.96072036,  1.71851797, 11.80578513, -4.28131076,\n",
       "        9.58376714, 13.36660723,  6.89562328,  6.1477967 , 14.60661728,\n",
       "       19.60002556, 18.12427503, 18.52177017, 13.17528591, 14.62617727,\n",
       "        9.92374925, 16.34590695, 14.07519435, 14.2575611 , 13.04234783,\n",
       "       18.15955775, 18.69554416, 21.52728423, 17.03141839, 15.96090505,\n",
       "       13.36141579, 14.52079366,  8.81975891,  4.86750984, 13.06591269,\n",
       "       12.7060959 , 17.29558035, 18.74048391, 18.05901019, 11.5147463 ,\n",
       "       11.97400365, 17.68344558, 18.12695137, 17.51834651, 17.22742444,\n",
       "       16.52271593, 19.41291174, 18.5821516 , 22.48944827, 15.28000223,\n",
       "       15.82089379, 12.68725489, 12.876337  , 17.18668597, 18.51247562,\n",
       "       19.04860572, 20.17208896, 19.77407282, 22.42940784, 20.31911967,\n",
       "       17.88616266, 14.37478658, 16.94776858, 16.98405916, 18.5883841 ,\n",
       "       20.1671938 , 22.97718128, 22.45580716, 25.57824599, 16.39147733,\n",
       "       16.11146364, 20.53481631, 11.54272723, 19.20496239, 21.86276442,\n",
       "       23.46878969, 27.0988738 , 28.56994297, 21.08398906, 19.45516182,\n",
       "       22.22225896, 19.65591945, 21.32536267, 11.85583748,  8.22386724,\n",
       "        3.66399611, 13.75908449, 15.93118446, 20.62661916, 20.61249401,\n",
       "       16.8854195 , 14.01320728, 19.10854146, 21.29805136, 18.45498693,\n",
       "       20.46870791, 23.53333962, 22.3757182 , 27.62742489, 26.1279669 ,\n",
       "       22.34421246])"
      ]
     },
     "execution_count": 9,
     "metadata": {},
     "output_type": "execute_result"
    }
   ],
   "source": [
    "p_value = model.predict(x)\n",
    "p_value"
   ]
  },
  {
   "cell_type": "code",
   "execution_count": 10,
   "id": "db05436e",
   "metadata": {},
   "outputs": [
    {
     "data": {
      "text/html": [
       "<div>\n",
       "<style scoped>\n",
       "    .dataframe tbody tr th:only-of-type {\n",
       "        vertical-align: middle;\n",
       "    }\n",
       "\n",
       "    .dataframe tbody tr th {\n",
       "        vertical-align: top;\n",
       "    }\n",
       "\n",
       "    .dataframe thead th {\n",
       "        text-align: right;\n",
       "    }\n",
       "</style>\n",
       "<table border=\"1\" class=\"dataframe\">\n",
       "  <thead>\n",
       "    <tr style=\"text-align: right;\">\n",
       "      <th></th>\n",
       "      <th>CRIM</th>\n",
       "      <th>ZN</th>\n",
       "      <th>INDUS</th>\n",
       "      <th>CHAS</th>\n",
       "      <th>NOX</th>\n",
       "      <th>RM</th>\n",
       "      <th>AGE</th>\n",
       "      <th>DIS</th>\n",
       "      <th>RAD</th>\n",
       "      <th>TAX</th>\n",
       "      <th>PT</th>\n",
       "      <th>B</th>\n",
       "      <th>LSTAT</th>\n",
       "      <th>MV</th>\n",
       "    </tr>\n",
       "  </thead>\n",
       "  <tbody>\n",
       "    <tr>\n",
       "      <th>CRIM</th>\n",
       "      <td>1.000000</td>\n",
       "      <td>-0.200469</td>\n",
       "      <td>0.406583</td>\n",
       "      <td>-0.055892</td>\n",
       "      <td>0.420972</td>\n",
       "      <td>-0.219247</td>\n",
       "      <td>0.352734</td>\n",
       "      <td>-0.379670</td>\n",
       "      <td>0.625505</td>\n",
       "      <td>0.582764</td>\n",
       "      <td>0.289946</td>\n",
       "      <td>-0.385064</td>\n",
       "      <td>0.455621</td>\n",
       "      <td>-0.388305</td>\n",
       "    </tr>\n",
       "    <tr>\n",
       "      <th>ZN</th>\n",
       "      <td>-0.200469</td>\n",
       "      <td>1.000000</td>\n",
       "      <td>-0.533828</td>\n",
       "      <td>-0.042697</td>\n",
       "      <td>-0.516604</td>\n",
       "      <td>0.311991</td>\n",
       "      <td>-0.569537</td>\n",
       "      <td>0.664408</td>\n",
       "      <td>-0.311948</td>\n",
       "      <td>-0.314563</td>\n",
       "      <td>-0.391679</td>\n",
       "      <td>0.175520</td>\n",
       "      <td>-0.412995</td>\n",
       "      <td>0.360445</td>\n",
       "    </tr>\n",
       "    <tr>\n",
       "      <th>INDUS</th>\n",
       "      <td>0.406583</td>\n",
       "      <td>-0.533828</td>\n",
       "      <td>1.000000</td>\n",
       "      <td>0.062938</td>\n",
       "      <td>0.763651</td>\n",
       "      <td>-0.391676</td>\n",
       "      <td>0.644779</td>\n",
       "      <td>-0.708027</td>\n",
       "      <td>0.595129</td>\n",
       "      <td>0.720760</td>\n",
       "      <td>0.383248</td>\n",
       "      <td>-0.356977</td>\n",
       "      <td>0.603800</td>\n",
       "      <td>-0.483725</td>\n",
       "    </tr>\n",
       "    <tr>\n",
       "      <th>CHAS</th>\n",
       "      <td>-0.055892</td>\n",
       "      <td>-0.042697</td>\n",
       "      <td>0.062938</td>\n",
       "      <td>1.000000</td>\n",
       "      <td>0.091203</td>\n",
       "      <td>0.091251</td>\n",
       "      <td>0.086518</td>\n",
       "      <td>-0.099176</td>\n",
       "      <td>-0.007368</td>\n",
       "      <td>-0.035587</td>\n",
       "      <td>-0.121515</td>\n",
       "      <td>0.048788</td>\n",
       "      <td>-0.053929</td>\n",
       "      <td>0.175260</td>\n",
       "    </tr>\n",
       "    <tr>\n",
       "      <th>NOX</th>\n",
       "      <td>0.420972</td>\n",
       "      <td>-0.516604</td>\n",
       "      <td>0.763651</td>\n",
       "      <td>0.091203</td>\n",
       "      <td>1.000000</td>\n",
       "      <td>-0.302188</td>\n",
       "      <td>0.731470</td>\n",
       "      <td>-0.769230</td>\n",
       "      <td>0.611441</td>\n",
       "      <td>0.668023</td>\n",
       "      <td>0.188933</td>\n",
       "      <td>-0.380051</td>\n",
       "      <td>0.590879</td>\n",
       "      <td>-0.427321</td>\n",
       "    </tr>\n",
       "    <tr>\n",
       "      <th>RM</th>\n",
       "      <td>-0.219247</td>\n",
       "      <td>0.311991</td>\n",
       "      <td>-0.391676</td>\n",
       "      <td>0.091251</td>\n",
       "      <td>-0.302188</td>\n",
       "      <td>1.000000</td>\n",
       "      <td>-0.240265</td>\n",
       "      <td>0.205246</td>\n",
       "      <td>-0.209847</td>\n",
       "      <td>-0.292048</td>\n",
       "      <td>-0.355502</td>\n",
       "      <td>0.128069</td>\n",
       "      <td>-0.613808</td>\n",
       "      <td>0.695360</td>\n",
       "    </tr>\n",
       "    <tr>\n",
       "      <th>AGE</th>\n",
       "      <td>0.352734</td>\n",
       "      <td>-0.569537</td>\n",
       "      <td>0.644779</td>\n",
       "      <td>0.086518</td>\n",
       "      <td>0.731470</td>\n",
       "      <td>-0.240265</td>\n",
       "      <td>1.000000</td>\n",
       "      <td>-0.747881</td>\n",
       "      <td>0.456022</td>\n",
       "      <td>0.506456</td>\n",
       "      <td>0.261515</td>\n",
       "      <td>-0.273534</td>\n",
       "      <td>0.602339</td>\n",
       "      <td>-0.376955</td>\n",
       "    </tr>\n",
       "    <tr>\n",
       "      <th>DIS</th>\n",
       "      <td>-0.379670</td>\n",
       "      <td>0.664408</td>\n",
       "      <td>-0.708027</td>\n",
       "      <td>-0.099176</td>\n",
       "      <td>-0.769230</td>\n",
       "      <td>0.205246</td>\n",
       "      <td>-0.747881</td>\n",
       "      <td>1.000000</td>\n",
       "      <td>-0.494588</td>\n",
       "      <td>-0.534432</td>\n",
       "      <td>-0.232471</td>\n",
       "      <td>0.291512</td>\n",
       "      <td>-0.496996</td>\n",
       "      <td>0.249929</td>\n",
       "    </tr>\n",
       "    <tr>\n",
       "      <th>RAD</th>\n",
       "      <td>0.625505</td>\n",
       "      <td>-0.311948</td>\n",
       "      <td>0.595129</td>\n",
       "      <td>-0.007368</td>\n",
       "      <td>0.611441</td>\n",
       "      <td>-0.209847</td>\n",
       "      <td>0.456022</td>\n",
       "      <td>-0.494588</td>\n",
       "      <td>1.000000</td>\n",
       "      <td>0.910228</td>\n",
       "      <td>0.464741</td>\n",
       "      <td>-0.444413</td>\n",
       "      <td>0.488676</td>\n",
       "      <td>-0.381626</td>\n",
       "    </tr>\n",
       "    <tr>\n",
       "      <th>TAX</th>\n",
       "      <td>0.582764</td>\n",
       "      <td>-0.314563</td>\n",
       "      <td>0.720760</td>\n",
       "      <td>-0.035587</td>\n",
       "      <td>0.668023</td>\n",
       "      <td>-0.292048</td>\n",
       "      <td>0.506456</td>\n",
       "      <td>-0.534432</td>\n",
       "      <td>0.910228</td>\n",
       "      <td>1.000000</td>\n",
       "      <td>0.460853</td>\n",
       "      <td>-0.441808</td>\n",
       "      <td>0.543993</td>\n",
       "      <td>-0.468536</td>\n",
       "    </tr>\n",
       "    <tr>\n",
       "      <th>PT</th>\n",
       "      <td>0.289946</td>\n",
       "      <td>-0.391679</td>\n",
       "      <td>0.383248</td>\n",
       "      <td>-0.121515</td>\n",
       "      <td>0.188933</td>\n",
       "      <td>-0.355502</td>\n",
       "      <td>0.261515</td>\n",
       "      <td>-0.232471</td>\n",
       "      <td>0.464741</td>\n",
       "      <td>0.460853</td>\n",
       "      <td>1.000000</td>\n",
       "      <td>-0.177383</td>\n",
       "      <td>0.374044</td>\n",
       "      <td>-0.507787</td>\n",
       "    </tr>\n",
       "    <tr>\n",
       "      <th>B</th>\n",
       "      <td>-0.385064</td>\n",
       "      <td>0.175520</td>\n",
       "      <td>-0.356977</td>\n",
       "      <td>0.048788</td>\n",
       "      <td>-0.380051</td>\n",
       "      <td>0.128069</td>\n",
       "      <td>-0.273534</td>\n",
       "      <td>0.291512</td>\n",
       "      <td>-0.444413</td>\n",
       "      <td>-0.441808</td>\n",
       "      <td>-0.177383</td>\n",
       "      <td>1.000000</td>\n",
       "      <td>-0.366087</td>\n",
       "      <td>0.333461</td>\n",
       "    </tr>\n",
       "    <tr>\n",
       "      <th>LSTAT</th>\n",
       "      <td>0.455621</td>\n",
       "      <td>-0.412995</td>\n",
       "      <td>0.603800</td>\n",
       "      <td>-0.053929</td>\n",
       "      <td>0.590879</td>\n",
       "      <td>-0.613808</td>\n",
       "      <td>0.602339</td>\n",
       "      <td>-0.496996</td>\n",
       "      <td>0.488676</td>\n",
       "      <td>0.543993</td>\n",
       "      <td>0.374044</td>\n",
       "      <td>-0.366087</td>\n",
       "      <td>1.000000</td>\n",
       "      <td>-0.737663</td>\n",
       "    </tr>\n",
       "    <tr>\n",
       "      <th>MV</th>\n",
       "      <td>-0.388305</td>\n",
       "      <td>0.360445</td>\n",
       "      <td>-0.483725</td>\n",
       "      <td>0.175260</td>\n",
       "      <td>-0.427321</td>\n",
       "      <td>0.695360</td>\n",
       "      <td>-0.376955</td>\n",
       "      <td>0.249929</td>\n",
       "      <td>-0.381626</td>\n",
       "      <td>-0.468536</td>\n",
       "      <td>-0.507787</td>\n",
       "      <td>0.333461</td>\n",
       "      <td>-0.737663</td>\n",
       "      <td>1.000000</td>\n",
       "    </tr>\n",
       "  </tbody>\n",
       "</table>\n",
       "</div>"
      ],
      "text/plain": [
       "           CRIM        ZN     INDUS      CHAS       NOX        RM       AGE  \\\n",
       "CRIM   1.000000 -0.200469  0.406583 -0.055892  0.420972 -0.219247  0.352734   \n",
       "ZN    -0.200469  1.000000 -0.533828 -0.042697 -0.516604  0.311991 -0.569537   \n",
       "INDUS  0.406583 -0.533828  1.000000  0.062938  0.763651 -0.391676  0.644779   \n",
       "CHAS  -0.055892 -0.042697  0.062938  1.000000  0.091203  0.091251  0.086518   \n",
       "NOX    0.420972 -0.516604  0.763651  0.091203  1.000000 -0.302188  0.731470   \n",
       "RM    -0.219247  0.311991 -0.391676  0.091251 -0.302188  1.000000 -0.240265   \n",
       "AGE    0.352734 -0.569537  0.644779  0.086518  0.731470 -0.240265  1.000000   \n",
       "DIS   -0.379670  0.664408 -0.708027 -0.099176 -0.769230  0.205246 -0.747881   \n",
       "RAD    0.625505 -0.311948  0.595129 -0.007368  0.611441 -0.209847  0.456022   \n",
       "TAX    0.582764 -0.314563  0.720760 -0.035587  0.668023 -0.292048  0.506456   \n",
       "PT     0.289946 -0.391679  0.383248 -0.121515  0.188933 -0.355502  0.261515   \n",
       "B     -0.385064  0.175520 -0.356977  0.048788 -0.380051  0.128069 -0.273534   \n",
       "LSTAT  0.455621 -0.412995  0.603800 -0.053929  0.590879 -0.613808  0.602339   \n",
       "MV    -0.388305  0.360445 -0.483725  0.175260 -0.427321  0.695360 -0.376955   \n",
       "\n",
       "            DIS       RAD       TAX        PT         B     LSTAT        MV  \n",
       "CRIM  -0.379670  0.625505  0.582764  0.289946 -0.385064  0.455621 -0.388305  \n",
       "ZN     0.664408 -0.311948 -0.314563 -0.391679  0.175520 -0.412995  0.360445  \n",
       "INDUS -0.708027  0.595129  0.720760  0.383248 -0.356977  0.603800 -0.483725  \n",
       "CHAS  -0.099176 -0.007368 -0.035587 -0.121515  0.048788 -0.053929  0.175260  \n",
       "NOX   -0.769230  0.611441  0.668023  0.188933 -0.380051  0.590879 -0.427321  \n",
       "RM     0.205246 -0.209847 -0.292048 -0.355502  0.128069 -0.613808  0.695360  \n",
       "AGE   -0.747881  0.456022  0.506456  0.261515 -0.273534  0.602339 -0.376955  \n",
       "DIS    1.000000 -0.494588 -0.534432 -0.232471  0.291512 -0.496996  0.249929  \n",
       "RAD   -0.494588  1.000000  0.910228  0.464741 -0.444413  0.488676 -0.381626  \n",
       "TAX   -0.534432  0.910228  1.000000  0.460853 -0.441808  0.543993 -0.468536  \n",
       "PT    -0.232471  0.464741  0.460853  1.000000 -0.177383  0.374044 -0.507787  \n",
       "B      0.291512 -0.444413 -0.441808 -0.177383  1.000000 -0.366087  0.333461  \n",
       "LSTAT -0.496996  0.488676  0.543993  0.374044 -0.366087  1.000000 -0.737663  \n",
       "MV     0.249929 -0.381626 -0.468536 -0.507787  0.333461 -0.737663  1.000000  "
      ]
     },
     "execution_count": 10,
     "metadata": {},
     "output_type": "execute_result"
    }
   ],
   "source": [
    "corr = df.corr()\n",
    "corr"
   ]
  },
  {
   "cell_type": "code",
   "execution_count": 11,
   "id": "2eb26e4c",
   "metadata": {},
   "outputs": [
    {
     "data": {
      "text/plain": [
       "0.740642665185169"
      ]
     },
     "execution_count": 11,
     "metadata": {},
     "output_type": "execute_result"
    }
   ],
   "source": [
    "r_sq = model.score(x, y)\n",
    "r_sq"
   ]
  },
  {
   "cell_type": "code",
   "execution_count": 12,
   "id": "80115803",
   "metadata": {},
   "outputs": [
    {
     "data": {
      "text/plain": [
       "[<matplotlib.lines.Line2D at 0x26418cc5c40>,\n",
       " <matplotlib.lines.Line2D at 0x26418cc5c10>,\n",
       " <matplotlib.lines.Line2D at 0x26418cc5dc0>,\n",
       " <matplotlib.lines.Line2D at 0x26418cc5ee0>,\n",
       " <matplotlib.lines.Line2D at 0x26418cd8040>,\n",
       " <matplotlib.lines.Line2D at 0x26418cd8160>,\n",
       " <matplotlib.lines.Line2D at 0x26418cd8280>,\n",
       " <matplotlib.lines.Line2D at 0x26418cd83a0>,\n",
       " <matplotlib.lines.Line2D at 0x26418cd84c0>,\n",
       " <matplotlib.lines.Line2D at 0x26418cd85e0>,\n",
       " <matplotlib.lines.Line2D at 0x26418cc5c70>,\n",
       " <matplotlib.lines.Line2D at 0x26418cd8700>,\n",
       " <matplotlib.lines.Line2D at 0x26418cd8910>,\n",
       " <matplotlib.lines.Line2D at 0x26418cd8a30>]"
      ]
     },
     "execution_count": 12,
     "metadata": {},
     "output_type": "execute_result"
    },
    {
     "data": {
